245.917
248.158
250.4
252.643
254.887
257.131
259.377
261.623
263.871
266.119
268.368
270.618
272.869
275.121
277.374
279.628
281.883
284.138
286.395
288.652
290.91
293.169
295.429
297.69
299.952
302.215
304.478
306.743
309.008
311.274
313.541
315.809
318.078
320.348
322.618
324.889
327.162
329.435
331.708
333.983
336.259
338.535
340.812
343.09
345.369
347.649
349.93
352.211
354.493
356.776
359.06
361.345
363.63
365.916
368.203
370.491
372.78
375.069
377.36
379.651
381.943
384.235
386.529
388.823
391.118
393.414
395.71
398.007
400.305
402.604
404.904
407.204
409.505
411.807
414.11
416.413
418.717
421.022
423.327
425.634
427.941
430.249
432.557
434.866
437.176
439.487
441.798
444.11
446.423
448.737
451.051
453.366
455.681
457.998
460.315
462.632
464.951
467.27
469.589
471.91
474.231
476.553
478.875
481.198
483.522
485.846
488.171
490.497
492.823
495.15
497.478
499.806
502.135
504.465
506.795
509.126
511.457
513.789
516.122
518.455
520.789
523.124
525.459
527.795
530.131
532.468
534.806
537.144
539.482
541.822
544.162
546.502
548.843
551.185
553.527
555.87
558.213
560.557
562.901
565.246
567.592
569.938
572.284
574.631
576.979
579.327
581.676
584.025
586.375
588.725
591.076
593.427
595.779
598.131
600.484
602.838
605.191
607.546
609.901
612.256
614.612
616.968
619.325
621.682
624.039
626.397
628.756
631.115
633.475
635.835
638.195
640.556
642.917
645.279
647.641
650.003
652.366
654.73
657.094
659.458
661.823
664.188
666.553
668.919
671.285
673.652
676.019
678.386
680.754
683.122
685.491
687.86
690.229
692.599
694.969
697.339
699.71
702.081
704.453
706.825
709.197
711.569
713.942
716.315
718.689
721.062
723.437
725.811
728.186
730.561
732.936
735.312
737.688
740.064
742.44
744.817
747.194
749.571
751.949
754.327
756.705
759.084
761.462
763.841
766.22
768.6
770.979
773.359
775.739
778.12
780.5
782.881
785.262
787.644
790.025
792.407
794.789
797.171
799.553
801.935
804.318
806.701
809.084
811.467
813.85
816.234
818.618
821.002
823.386
825.77
